,Word,Value
0,initandroid,353
1,awaitrequest,367
2,mounteddevicepathstorag,322
3,appactiv,179
4,usbdownloadmanaginstallreceiv,167
5,bininputfil,397
6,receivecbdata,75
7,copyfilswdl,217
8,contentcontextwrapp,149
9,showprogressdialogshowtru,196
10,surfaceflingdi,416
11,configstorisurfaceflingerconfig,327
12,getodxfilepathstoragedir,191
13,dixcdb,417
14,funusbswdlcopyservic,111
15,getnewversprevnewv,345
16,qualifiuser,145
17,childlistforaccessinit,352
18,updateprogressstart,61
19,swdlactivonresum,141
20,receivedatafromigcactiv,403
21,validvalu,401
22,userandroid,146
23,usbswdlusbswdlcopyservic,391
24,onserviceconnectonrsesoftwaredetailslisten,272
25,jitinlin,356
26,installreceivodxfilepath,370
27,xbddisconnect,425
28,fragmentactonresum,264
29,callactivityonresumandroid,247
30,dffidba,281
31,convertbytearraytointend,82
32,odximagefilepath,374
33,branchquic,289
34,swdlandrservic,294
35,getstatuexit,6
36,supportapp,262
37,checkmessagactiv,402
38,funstorageutil,185
39,remotbranch,183
40,crcvalu,219
41,mountdevic,187
42,waitdialogisshow,166
43,checktypusb,39
44,swdlactivreportlifecyclerestart,407
45,setupfindviewbyidstart,239
46,bindservicandroid,174
47,viewgroupboolean,354
48,swdlrespons,21
49,occurevent,233
50,utilgetodxfil,340
51,registerupdatebroadcaststart,251
52,registerreceivend,250
53,setstatuexit,132
54,swdlactivseterrorcod,46
55,crcvalidverifycrc,220
56,igcreceivedatacb,28
57,imagefilepathstorag,375
58,pipeclose,230
59,statuvalid,92
60,onhandleintodx,204
61,messaginstal,20
62,checktypend,41
63,getodxfilfile,165
64,getstatustart,5
65,storageinfobea,316
66,semcount,58
67,receivedatacbdata,77
68,ffilestorag,343
69,datamessag,70
70,processqualifi,144
71,showsoftwareversend,348
72,onresumstatu,244
73,scanfordevicstart,296
74,onresumend,259
75,imagefilenambin,377
76,updatstart,369
77,filentgl,393
78,ntglrsel,109
79,storageutilstorageinfo,315
80,activperformresum,248
81,sizesequenc,73
82,appcontextimpl,147
83,convertbytearraytointstart,79
84,mounteddeviccom,312
85,displaievent,227
86,inputpathstorag,214
87,statuinstal,7
88,mountavail,150
89,rselcode,110
90,sendusbbroadcaststart,30
91,remotsurfacefling,415
92,usbswdlusb,12
93,inputfilbin,398
94,swdlcrc,218
95,showcurrentversstart,275
96,checkmessaginstal,91
97,statuidl,103
98,enggetserviceconnectcom,257
99,idlvalu,190
100,viewviewgroup,195
101,copyfilstart,209
102,funusbbroadcastmanag,31
103,qualcommbuild,279
104,startserviccom,379
105,shownewversionlayoutend,90
106,appinstrument,177
107,updatsuccessfulli,139
108,enableinstalstart,335
109,methodprocess,143
110,validprogress,93
111,usbdownloadmanagonrec,384
112,reportlifecyclerestartstate,408
113,enableinstalend,336
114,gorestart,412
115,usbbroadcastmanagsendusbbroadcast,32
116,onresponsend,277
117,availstart,318
118,getmounteddeviceliststart,184
119,androidview,194
120,devvchar,65
121,odxfile,153
122,updatereceivaction,16
123,shadercompil,284
124,erroroccur,232
125,messagreceiv,71
126,startdownloadserviccom,381
127,showinstalllayoutend,52
128,odxodxfilenam,372
129,encountegl,419
130,vcharaux,66
131,hideinstalllayoutend,226
132,onserviceconnectend,278
133,updatavail,122
134,instalend,365
135,ontickend,24
136,hwuipipelin,266
137,mybranchefaabcbcd,288
138,supportusbswdlappl,255
139,usbdownloadmanagusbdownloadmanag,199
140,intentcmp,389
141,showcurrentversend,276
142,isshowtrue,197
143,usbdownloadmanagstartdownloadservic,380
144,updatetextstart,34
145,swdlfun,2
146,readservicconnect,271
147,statudownload,94
148,disconnectfail,426
149,intentintent,388
150,messagscan,115
151,scanusbforupdatefilstart,308
152,usbswdl,4
153,swdlprogress,101
154,usbswdlusbdownloadmanag,169
155,completiniti,135
156,successfullicomplet,140
157,usbswdlutil,313
158,checkmessagupdat,405
159,updatfile,99
160,enggetserviceconnectstart,253
161,inputfilntgl,396
162,contextwrappstartservic,182
163,onserviceconnectreadservic,270
164,odxfilenamntgl,373
165,odxfilepathstorag,371
166,convertbytearraytointigcresponsebuff,81
167,downloadupdat,96
168,funcopyfil,216
169,swdlactivupdatereceiv,15
170,bindswdlandrservicend,246
171,swapbuffencount,418
172,binfile,208
173,usbswdlswdlactiv,121
174,downloadprogress,95
175,builddff,280
176,appfragmentact,263
177,progressmessag,22
178,fileodx,193
179,devicstart,319
180,checktypstart,40
181,sendusbbroadcastbroadcasttyp,36
182,idlmessag,152
183,odxffile,342
184,updatereceivcom,38
185,mountpoint,302
186,mntmedia,304
187,checkmessagstatu,45
188,datasize,25
189,branchmybranchefaab,287
190,storagedirnull,337
191,haltrender,423
192,shownewversionlayoutstart,89
193,usbswdlident,163
194,oninstallclickend,363
195,pathstorag,206
196,onresumstart,243
197,updatvalu,85
198,downloadcomplet,134
199,resetresponsetimend,87
200,scanusbforupdatefilmounteddevicepath,321
201,binimagefilenam,376
202,statuawait,366
203,hidenewversionlayoutstart,333
204,senddatadata,130
205,receivedatafromigcigcresponsebuff,83
206,hardwarconfigstor,326
207,androidsupport,261
208,identline,164
209,oninstallclickstart,358
210,instrumentcallactivityonresum,178
211,swdlactivcheckmessag,44
212,activonresum,260
213,odxinputfil,395
214,rebootsystemstart,406
215,availvalu,323
216,getstorageliststart,297
217,androidapp,114
218,updatereceivvalu,63
219,getnewversnewver,347
220,storagbin,168
221,messagupdat,159
222,getstoragelistclose,305
223,usbswdllinux,201
224,responsmessag,64
225,messagdownload,97
226,errorcode,49
227,hidenewversionlayoutend,334
228,checkmessagend,50
229,receivedatafromigcigcrespons,29
230,dequeuebufffail,172
231,validupdat,98
232,swdlscanusbforupdatefil,320
233,crcvalidsetcrcchecksum,210
234,usbswdlcopyservicextra,392
235,prevnewvstorag,346
236,getnewversstorag,344
237,updatereceivmessag,43
238,setupactionbarend,238
239,msgpleaswait,361
240,sendusbbroadcastaction,198
241,igcsenddata,106
242,igcresponsprogressvalu,88
243,ontickstart,23
244,swdlactivconvertbytearraytoint,80
245,setupfindviewbyidend,240
246,valunull,123
247,disableinstallenablecancelstart,55
248,voidandroid,350
249,bindswdlandrservicstart,245
250,showprogressdialogmsgrse,410
251,servicconnect,295
252,usbswdlcopyserviconhandleint,133
253,publicmount,299
254,showprogressdialogend,104
255,contextimplstartservic,181
256,broadcasttypusb,37
257,progressvalu,54
258,devicvalu,309
259,usbswdlcopyserviccopyfil,157
260,installreceivaction,200
261,checkmessagvalid,117
262,activupdat,138
263,copyfilfiles,215
264,showprogresslayoutend,60
265,usblinux,203
266,registerreceivstart,249
267,swdlactivnull,236
268,registerupdatebroadcastend,252
269,bindserviccom,176
270,progresstype,53
271,updatgrant,202
272,onresumandroid,160
273,bindswdlandrservicswdlandr,293
274,idltype,188
275,androidcontent,148
276,filevalu,120
277,igcreceivecb,26
278,booleanjit,355
279,codeodx,116
280,100001,1
281,sizedata,69
282,updatend,386
283,utilstorageutil,314
284,filebin,394
285,swdlstatu,17
286,showprogressdialogmsgpleas,360
287,xbahalt,422
288,deoptimvoid,349
289,isurfaceflingerconfighaswidecolordisplai,328
290,usbdownloadmanagwrap,382
291,checkmessagdownload,107
292,composerservicremot,414
293,requestrespons,368
294,panasondairs,10
295,startservicandroid,161
296,reconstructbranch,290
297,storagntgl,124
298,hideprogresslayoutstart,118
299,oncreatend,241
300,typeusb,42
301,swapbehavior,332
302,localbranch,286
303,crcchecksumfals,212
304,getstoragelistexit,307
305,seterrorcodcurrent,47
306,scanusbforupdatefilmounteddevic,311
307,completupdat,129
308,setupactionbarstart,237
309,onstartcom,242
310,onserviceconnectstart,267
311,onhandleintbin,207
312,mediamount,301
313,hideprogresslayoutend,119
314,disableinstallenablecancelend,56
315,storageutilgetstoragelist,186
316,resetresponsetimstart,86
317,showinstalllayoutstart,51
318,startinstalend,362
319,oncreatstart,234
320,oncreatcom,235
321,pfpxff,291
322,scancomplet,128
323,getstoragelistmedia,300
324,androidhardwar,325
325,showprogressdialogmsg,113
326,funusbswdlappl,268
327,instalstart,364
328,onresponsstart,274
329,hideinstalllayoutstart,225
330,filestorag,339
331,receivedatacbend,84
332,enggetserviceconnectend,258
333,onrsesoftwaredetailslistenrespons,273
334,currenterror,48
335,swdlactivreceivedatafromigc,19
336,funcrcvalid,156
337,callmethod,142
338,auxtotal,67
339,receivedatafromigcinstal,222
340,openglshader,283
341,onresumcom,180
342,companason,9
343,sequencnumber,74
344,funutil,192
345,usbdevic,127
346,activprogress,105
347,closereader,306
348,eglerror,420
349,usbdownloadmanagscanusbforupdatefil,310
350,activstatu,404
351,cmpcom,390
352,statuigcrespons,170
353,checkmessagscan,189
354,usbswdlapplenggetserviceconnect,256
355,pointmnt,303
356,completvalu,224
357,closeerror,231
358,usbswdlsupport,254
359,filepath,205
360,funusbdownloadmanag,151
361,startdownloadservicstart,378
362,haswidecolordisplairetriev,329
363,updatetextend,35
364,showsoftwareversstart,102
365,startinstalstart,359
366,setcrcchecksumcrcchecksum,211
367,xffxff,292
368,startdownloadservicend,385
369,stateactiv,409
370,enqueusem,57
371,getstoragelistmount,125
372,swdlinstal,154
373,initivalid,136
374,inlincach,357
375,actioncom,14
376,onhandleintintent,387
377,scanusb,126
378,compilversion,285
379,sendusbbroadcastend,33
380,receivedatacbstart,76
381,crcodx,399
382,funigc,27
383,crccalcul,400
384,receivedatafromigcstatu,78
385,eglversion,331
386,startresponsetimontick,18
387,copyfilinputpath,213
388,rebootsystemend,413
389,receivpipe,229
390,errorxba,421
391,uidcom,162
392,instalprogress,8
393,contextwrappbindservic,175
394,scanfordevicend,324
395,linuxupdat,155
396,setstatustart,131
397,dequeuebuffdequeuebuff,171
398,messagvalid,100
399,eventreceiv,228
400,eglnativewindowtypxbd,424
401,statuactiv,108
402,funswdlactiv,3
403,msgrsego,411
404,devicavail,317
405,getodxfilodx,341
406,receivsize,72
407,totaldata,68
408,instalstatu,223
409,validcomplet,137
410,getstoragelistpublic,298
411,utilgetodxfilepath,338
412,contextimplbindservic,173
413,viewgroupchildlistforaccess,351
414,messagactiv,158
415,initiegl,330
416,builddate,282
417,dairsusbswdl,11
418,instalupdat,13
419,showprogressdialogshowfals,112
420,usbswdlapplonserviceconnect,269
421,onstartstartservic,265
422,showprogresslayoutstart,59
423,verifycrccrc,221
424,wrapcom,383
425,updateprogressend,62
